8.6375
6.9844
7.0057
3.2165
8.1526
11.022
10.228
8.9691
13.422
3.0027
12.171
9.3548
2.7621
6.7928
5.5292
6.6932
6.5296
6.343
13.373
7.9828
8.3585
3.1807
9.3504
1.8645
5.9536
11.365
5.1206
5.7067
3.7908
5.6431
12.609
7.105
5.2378
7.2084
1.5043
7.0734
12.691
18.946
14.835
3.4823
6.0083
2.1371
7.3509
15.962
3.0173
7.141
8.8042
4.3142
2.8102
10.123
13.421
6.2463
2.6091
7.6804
7.6755
7.9012
5.7645
7.7208
1.1077
2.8218
7.1835
3.1936
11.871
3.6127
9.3129
2.6636
1.9157
6.2573
5.4796
4.7111
2.7455
1.2804
4.4173
4.7723
7.7968
6.6244
7.1768
4.6113
9.4017
7.6123
10.817
5.7591
5.2366
3.3992
3.9623
3.1204
8.8391
1.2262
6.0902
6.9341
12.188
7.1363
7.4967
3.5765
7.6115
6.8044
8.0659
7.4185
10.011
3.7784
9.7111
4.7853
9.4401
7.8801
2.3001
4.0544
2.4639
5.2426
8.7888
7.1946
11.285
1.8449
14.423
1.2734
5.4794
6.4003
3.981
2.953
2.2191
2.6083
6.3748
6.9318
8.7989
5.9947
8.7316
4.4439
5.5652
7.6498
12.498
5.0418
5.5285
6.8079
4.2991
2.3779
9.5874
10.119
5.2621
4.0368
7.1497
5.0646
6.8397
7.2657
7.6257
6.7098
9.3308
5.3264
3.4231
8.4525
3.4758
5.6648
2.1261
3.3152
6.0003
7.3129
8.1788
7.6973
13.378
4.663
4.076
8.5856
5.4025
5.1743
4.9206
10.317
7.4096
14.903
6.0232
6.7326
3.431
4.9248
0.88686
3.6551
10.946
5.5752
7.0269
4.8016
0.51472
3.5864
2.9251
6.0066
10.188
6.3677
8.4132
4.0284
7.5955
5.3321
8.1903
0.25268
8.3205
5.4169
4.6653
2.1418
8.6415
3.2313
7.1327
6.8327
4.9346
8.4409
2.6576
10.227
9.6646
12.53
7.6553
13.331
2.3677
3.8139
3.4322
4.2016
6.2431
5.3291
10.49
1.5724
4.8192
9.36
7.9464
10.259
1.0918
2.5909
2.2473
0.86043
11.03
2.6233
2.9283
2.6193
7.6437
6.5738
0.82728
4.8081
1.256
3.2149
4.2888
0.62982
9.9954
5.6703
10.375
6.2129
11.063
2.4408
10.379
11.036
12.178
3.7044
7.4028
9.0142
4.3974
4.751
4.401
11.275
2.0093
8.0938
2.1028
2.4785
5.2379
8.7343
2.122
10.014
2.2446
4.8646
3.8838
4.7341
3.983
10.487
6.0435
19.097
5.2531
1.6716
10.883
2.2749
14.689
1.4672
9.6318
7.7835
3.7574
3.6303
4.6653
4.5449
3.2653
4.4175
4.2886
2.3393
8.6689
7.5488
7.6332
3.7459
11.723
9.9663
8.5242
4.1154
2.1768
2.8555
4.8679
9.9021
4.3116
2.4872
9.9102
3.5131
7.1028
6.5973
9.8085
4.1993
7.8299
3.9164
2.0943
0.98527
9.979
5.696
7.5828
3.3335
7.8129
6.9093
11.824
11.517
6.7835
6.3959
12.816
6.3989
13.686
10.688
4.9147
5.3855
5.3129
3.2093
6.3757
5.3286
9.1978
5.448
6.2824
3.851
2.0754
10.165
6.9293
8.9791
4.9576
4.6963
5.4288
5.8756
16.737
2.7982
9.7678
7.9941
3.2291
4.7172
7.817
11.923
6.435
3.4231
4.9076
1.5623
11.441
0.51722
6.1891
5.7224
9.1144
12.709
10.149
2.1759
7.5224
6.315
0.77743
4.7259
2.7978
10.307
2.6071
1.4611
12.381
10.66
5.2605
7.9096
6.5615
4.9097
8.7333
11.506
2.4564
3.5493
5.4092
5.1816
8.4504
6.956
6.6289
4.0995
16.813
4.7191
11.077
5.1847
9.0242
7.2449
2.0601
1.8282
8.3212
5.3428
7.6845
2.0445
6.1378
11.629
10.864
6.2009
4.8363
1.4925
0.91866
3.8394
6.0241
7.5289
2.3805
3.1343
1.7758
4.2364
6.1302
0.93283
8.5397
5.2752
5.6404
2.4486
9.4544
7.5747
3.6209
5.037
10.041
3.4362
10.849
10.947
8.5347
11.464
9.9697
3.7784
6.0604
6.8761
3.722
3.6122
9.1937
5.8457
10.249
0.42507
4.131
2.423
3.9692
4.7595
2.6036
6.056
4.6013
1.7346
5.2482
6.0631
5.3432
12.428
3.0787
8.5657
1.7043
7.6825
6.1389
8.3932
8.263
3.8478
2.7006
8.1754
2.7965
3.6871
10.382
6.7589
11.83
5.202
8.8561
9.2959
6.8033
7.0921
9.8895
5.2668
7.5218
10.799
6.1883
5.3862
9.7536
14.421
1.6249
9.3847
8.0207
5.1484
6.3704
5.4903
10.211
9.667
16.395
4.39
18.798
11.203
2.4026
11.353
6.5923
12.546
8.4346
2.8878
3.8553
1.745
7.1994
3.83
11.104
0.67643
11.297
2.9188
2.6777
7.9357
14.683
1.9253
4.8522
4.2573
9.153
6.4819
10.139
2.448
8.9382
9.336
10.995
3.3883
0.70056
4.8727
4.3201
8.955
10.437
4.7873
6.4727
2.994
2.0832
4.9001
6.9837
3.4506
9.0749
6.6624
10.026
3.5725
8.3478
6.3842
13.086
6.4324
8.43
5.7294
9.0149
7.7461
12.322
7.1861
2.866
7.2548
9.7134
9.8796
10.938
3.8267
2.5916
5.5878
10.865
3.5693
6.053
4.0035
4.6728
10.471
4.6193
2.1375
11.344
3.1285
6.8073
5.8183
7.3744
9.2286
3.7643
3.375
7.394
5.1732
12.157
0.3525
6.055
1.3052
6.5331
4.6382
3.9337
5.7977
9.9398
8.7856
2.7612
16.522
11.418
5.7798
3.5233
8.1083
4.8254
5.9187
6.4935
0.5432
6.5028
8.935
9.0752
9.8066
14.349
9.7063
6.8765
5.782
9.8555
4.4522
3.9171
7.6243
6.4932
5.0568
5.2506
13.159
2.094
7.2793
8.0316
2.6526
3.2032
3.1118
3.8294
3.3281
3.6369
9.7111
3.2482
1.6702
1.9885
4.2235
6.307
3.1656
8.2686
7.2233
2.0755
3.1958
4.5896
6.7571
12.437
6.1266
7.2923
7.5729
10.617
10.98
4.4054
6.0417
1.2396
12.789
2.1731
8.2269
5.7143
5.7202
4.3685
17.874
6.3169
4.4546
8.0546
5.5126
7.6585
4.0644
13.094
12.944
7.2008
15.308
8.8517
4.1314
7.4464
3.2496
3.8629
6.4484
6.8947
3.0097
7.4061
6.6009
9.4968
1.2857
7.4403
5.757
10.05
5.4779
7.6673
8.6129
4.1506
3.4304
5.5385
8.4024
6.0014
6.8098
4.0912
5.6022
3.8409
6.4702
4.9571
7.91
5.4842
6.2694
3.598
10.113
9.4449
3.2085
7.1284
7.0511
1.8486
7.0085
8.4784
3.5416
12.324
2.1426
13.106
6.449
6.0427
4.4128
2.7035
4.048
9.2965
4.9644
5.2938
6.4778
5.3906
2.1862
5.5281
6.7399
7.0406
2.6099
6.472
6.7992
10.123
1.7423
4.5814
8.3076
2.9751
3.5729
6.9353
7.7369
7.6579
13.549
3.5677
8.6699
13.043
3.4876
12.691
8.3631
6.7829
4.7705
11.959
3.3652
6.0698
8.6057
3.1954
8.6254
4.5937
5.0362
2.5957
5.6169
10.698
7.078
4.9743
17.645
4.2407
4.7182
3.4499
2.7385
11.684
8.3061
3.7211
6.3481
4.7015
11.838
1.3755
0.79841
1.9538
9.7757
11.037
10.941
0.88737
8.4501
3.5161
3.2572
3.1141
5.8343
12.527
6.6446
6.9477
7.1774
6.4718
9.1268
4.012
6.2043
0.94301
6.5266
2.7933
3.2227
7.9157
3.4352
4.8511
4.6964
7.4852
1.5615
2.1386
3.5913
7.2229
3.3451
7.9898
6.1591
3.9529
4.9033
3.1903
1.5145
6.9334
14.768
4.0449
5.5688
1.3173
10.156
6.504
2.0749
11.176
2.1214
4.7658
6.5307
7.9292
7.8159
4.0767
2.2006
3.7243
10.021
1.3485
3.1681
7.0061
7.5404
2.2462
7.148
7.0868
12.232
10.588
2.558
8.4948
1.711
2.9914
1.6995
5.6516
6.7487
6.0894
9.1088
7.8582
4.5211
5.9227
2.1614
6.9521
8.203
10.791
5.2807
4.4472
10.153
2.7493
5.031
2.3621
6.4817
8.2382
0.52107
14.34
3.2752
5.1292
8.7096
11.47
17.124
4.4079
5.1132
1.3815
2.1454
9.486
3.1251
2.2989
0.5398
13.958
11.105
5.01
8.4617
3.2029
4.6179
0.42736
8.654
3.0372
2.1847
7.8269
10.713
1.0002
9.6161
3.1104
5.6122
2.0698
9.5512
2.2907
4.0402
5.8701
3.6739
1.2632
6.0361
6.6715
6.3496
5.1126
7.3365
7.4208
0.84358
7.1458
6.5765
3.5092
2.0031
1.7382
7.6444
4.858
10.501
4.0129
2.3005
2.5975
7.0757
7.325
5.2811
5.606
6.0929
2.212
7.2003
4.3393
2.1874
7.5908
4.7185
8.7988
9.9018
5.3679
11.425
7.9658
7.1951
3.7202
2.4035
9.0096
2.1656
2.3091
6.8935
8.5021
2.9704
3.0341
14.412
0.28961
10.823
2.0983
9.7597
3.72
4.9481
2.9544
1.3062
2.7658
2.5186
5.4965
5.0733
8.673
10.139
3.9537
2.1796
5.3242
7.2541
5.4604
6.2283
1.7359
8.3019
6.0971
6.8287
10.592
7.2849
4.2442
1.8187
7.8237
3.4104
8.1268
1.0735
6.8117
12.911
11.141
4.3826
12.112
2.098
11.188
1.9766
4.1964
8.9153
9.4235
3.2567
7.3865
8.6103
11.41
7.6154
11.985
7.2356
12.194
4.0247
9.4199
4.7478
5.1614
7.1711
4.2264
6.0423
10.197
6.2054
4.2583
3.304
3.497
3.3332
2.2399
1.1459
5.1449
9.2989
1.2322
12.939
6.1489
6.6718
7.0656
11.36
